4,0,0,0,0,nan,nan,nan
4,0,0,0,0,nan,nan,nan
4,0,0,0,0,nan,nan,nan
4,0,0,0,0,nan,nan,nan
4,0,0,0,0,nan,nan,nan
4,0,0,0,0,nan,nan,nan
4,0,0,0,0,nan,nan,nan
4,0,0,0,0,nan,nan,nan
4,0,0,0,0,nan,nan,nan
4,0,0,0,0,nan,nan,nan
4,0,0,0,0,nan,nan,nan
4,0,0,0,0,nan,nan,nan
4,0,0,0,0,nan,nan,nan
4,0,0,0,0,nan,nan,nan
4,0,0,0,0,nan,nan,nan
4,0,0,0,0,nan,nan,nan
4,0,0,0,0,nan,nan,nan
4,0,0,0,0,nan,nan,nan
4,0,0,0,0,nan,nan,nan
4,0,0,0,0,nan,nan,nan
4,0,0,0,0,nan,nan,nan
4,0,0,0,0,nan,nan,nan
4,0,0,0,0,nan,nan,nan
4,0,0,0,0,nan,nan,nan
4,0,0,0,0,nan,nan,nan
4,0,0,0,0,nan,nan,nan
4,0,0,0,0,nan,nan,nan
4,0,0,0,0,nan,nan,nan
4,0,0,0,0,nan,nan,nan
4,0,0,0,0,nan,nan,nan
4,0,0,0,0,nan,nan,nan
4,0,0,0,0,nan,nan,nan
4,0,0,0,0,nan,nan,nan
4,0,0,0,0,nan,nan,nan
4,0,0,0,0,nan,nan,nan
4,0,0,0,0,nan,nan,nan
4,0,0,0,0,nan,nan,nan
4,0,0,0,0,nan,nan,nan
4,0,0,0,0,nan,nan,nan
4,0,0,0,0,nan,nan,nan
4,0,0,0,0,nan,nan,nan
4,0,0,0,0,nan,nan,nan
4,0,0,0,0,nan,nan,nan
4,0,0,0,0,nan,nan,nan
4,0,0,0,0,nan,nan,nan
4,0,0,0,0,nan,nan,nan
4,0,0,0,0,nan,nan,nan
4,0,0,0,0,nan,nan,nan
4,0,0,0,0,nan,nan,nan
4,0,0,0,0,nan,nan,nan
4,0,0,0,0,nan,nan,nan
4,0,0,0,0,nan,nan,nan
4,0,0,0,0,nan,nan,nan
4,0,0,0,0,nan,nan,nan
4,0,0,0,0,nan,nan,nan
4,0,0,0,0,nan,nan,nan
4,0,0,0,0,nan,nan,nan
4,0,0,0,0,nan,nan,nan
4,0,0,0,0,nan,nan,nan
4,0,0,0,0,nan,nan,nan
4,0,0,0,0,nan,nan,nan
4,0,0,0,0,nan,nan,nan
4,0,0,0,0,nan,nan,nan
4,0,0,0,0,nan,nan,nan
4,0,0,0,0,nan,nan,nan
4,0,0,0,0,nan,nan,nan
4,0,0,0,0,nan,nan,nan
4,0,0,0,0,nan,nan,nan
4,0,0,0,0,nan,nan,nan
4,0,0,0,0,nan,nan,nan
4,0,0,0,0,nan,nan,nan
4,0,0,0,0,nan,nan,nan
4,0,0,0,0,nan,nan,nan
4,0,0,0,0,nan,nan,nan
4,0,0,0,0,nan,nan,nan
4,0,0,0,0,nan,nan,nan
4,0,0,0,0,nan,nan,nan
4,0,0,0,0,nan,nan,nan
4,0,0,0,0,nan,nan,nan
4,0,0,0,0,nan,nan,nan
4,0,0,0,0,nan,nan,nan
4,0,0,0,0,nan,nan,nan
4,0,0,0,0,nan,nan,nan
4,0,0,0,0,nan,nan,nan
4,0,0,0,0,nan,nan,nan
4,0,0,0,0,nan,nan,nan
4,0,0,0,0,nan,nan,nan
4,0,0,0,0,nan,nan,nan
4,0,0,0,0,nan,nan,nan
4,0,0,0,0,nan,nan,nan
4,0,0,0,0,nan,nan,nan
4,0,0,0,0,nan,nan,nan
4,0,0,0,0,nan,nan,nan
4,0,0,0,0,nan,nan,nan
4,0,0,0,0,nan,nan,nan
4,0,0,0,0,nan,nan,nan
4,0,0,0,0,nan,nan,nan
4,0,0,0,0,nan,nan,nan
4,0,0,0,0,nan,nan,nan
4,0,0,0,0,nan,nan,nan
4,0,0,0,0,nan,nan,nan
4,0,0,0,0,nan,nan,nan
4,0,0,0,0,nan,nan,nan
4,0,0,0,0,nan,nan,nan
4,0,0,0,0,nan,nan,nan
4,0,0,0,0,nan,nan,nan
4,0,0,0,0,nan,nan,nan
4,0,0,0,0,nan,nan,nan
4,0,0,0,0,nan,nan,nan
4,0,0,0,0,nan,nan,nan
4,0,0,0,0,nan,nan,nan
4,0,0,0,0,nan,nan,nan
4,0,0,0,0,nan,nan,nan
4,0,0,0,0,nan,nan,nan
4,0,0,0,0,nan,nan,nan
4,0,0,0,0,nan,nan,nan
4,0,0,0,0,nan,nan,nan
4,0,0,0,0,nan,nan,nan
4,0,0,0,0,nan,nan,nan
4,0,0,0,0,nan,nan,nan
4,0,0,0,0,nan,nan,nan
4,0,0,0,0,nan,nan,nan
4,0,0,0,0,nan,nan,nan
4,0,0,0,0,nan,nan,nan
4,0,0,0,0,nan,nan,nan
4,0,0,0,0,nan,nan,nan
4,0,0,0,0,nan,nan,nan
4,0,0,0,0,nan,nan,nan
4,0,0,0,0,nan,nan,nan
4,0,0,0,0,nan,nan,nan
4,1,389.135,-68.93,1807.94,-3.12988,0.0418383,0.00123764
4,0.944444,309.811,-78.8075,1717.92,-2.83131,0.015448,-0.0118545
4,0.944444,286.234,-94.983,1825.82,3.14117,-0.00107022,0.000168392
4,1,252.752,-71.1493,1789.54,-3.09004,0.127184,0.00213737
4,1,249.137,-78.4076,1789.79,-3.09971,0.1282,0.00266031
4,1,231.094,-85.6719,1792.07,-3.08721,0.116817,0.00252536
4,1,231.094,-85.6719,1792.07,-3.08721,0.116817,0.00252536
4,1,236.289,-82.0434,1832.58,-3.08833,0.129334,0.00243808
4,1,228.916,-85.7629,1833.55,-3.08011,0.12887,0.00278557
4,1,232.591,-82.0482,1833.03,-3.09049,0.12753,0.00292514
4,1,220.237,-100.181,1792.81,-3.08131,0.112237,0.0027519
4,1,225.13,-122.777,1831.65,-3.05607,0.130955,0.00425696
4,1,227.434,-107.399,1791.25,-3.07417,0.1144,0.00301239
4,1,212.281,-111.184,1689,-2.73206,-0.00473941,-0.0116878
4,1,234.602,-125.469,1788.96,-3.06711,0.117981,0.00395198
4,1,230.936,-139.936,1788.17,-3.06411,0.118739,0.00433593
4,1,227.318,-150.803,1787.9,-3.05735,0.116961,0.00460565
4,1,230.9,-150.775,1787.19,-3.05887,0.118613,0.00464242
4,1,225.019,-163.838,1799.31,-3.13056,0.0651692,0.0225081
4,1,209.184,-172.531,1788.06,-3.04233,0.105293,0.00457855
4,1,203.663,-170.816,1792.75,-2.73688,0.0905047,-0.0303165
4,1,185.709,-178.288,1741.76,-3.12804,0.351517,0.0140319
4,1,183.825,-190.662,1789.01,-3.03854,0.0951621,0.00485401
4,1,180.491,-179.609,1751.63,-2.94854,-0.13433,-0.0534538
4,1,182.114,-184.206,1775.53,-3.13997,0.26357,0.0033064
4,1,180.202,-187.04,1789.58,-3.03684,0.0885603,0.00415334
4,1,179.075,-174.368,1781.55,3.11048,0.285112,-0.00861916
4,1,175.501,-164.741,1749.45,-2.83566,0.0525464,-0.024732
4,1,172.414,-173.805,1790.66,3.07452,-0.0605132,-0.0331911
4,1,170.117,-172.2,1765.68,2.88796,0.00287682,-0.00342924
4,1,177.282,-178.332,1799.25,3.10166,0.2147,-0.00744667
4,1,180.158,-193.115,1813.03,-3.0799,0.012761,-0.0175691
4,1,179.783,-193.636,1797.44,2.95491,0.00476362,-0.00609759
4,1,179.783,-193.636,1797.44,2.95491,0.00476362,-0.00609759
4,1,188.015,-185.739,1830.49,-3.00621,0.126373,0.00768158
4,1,189.094,-172.615,1793,-3.09103,0.00852961,-0.0175212
4,1,195.492,-163.559,1832.16,-3.01544,0.130353,0.00645217
4,1,180.275,-165.374,1792.01,-3.04682,0.0894244,0.0036238
4,1,173.233,-174.672,1833.01,-2.93061,0.152393,0.0124934
4,1,170.487,-165.585,1817.24,3.0493,-0.0562697,-0.0209307
4,1,148.188,-168.382,1764.71,2.87901,-0.0290878,-0.00505568
4,1,140.429,-172.694,1795.03,-3.04105,0.0640382,0.00237684
4,1,147.355,-157.231,1793.01,-3.11543,0.231426,-0.0106425
4,1,153.488,-139.148,1743.25,2.98503,0.310614,-0.0297861
4,1,157.074,-144.478,1763.87,2.97725,-0.0330992,-0.0258585
4,1,158.918,-145.797,1796.31,-2.85681,0.215195,-0.00122165
4,1,151.363,-147.372,1796.76,-3.05938,0.0775671,0.00294363
4,1,147.348,-163.659,1836.69,-2.95021,0.140115,0.0123709
4,1,147.692,-165.461,1795.26,-3.05496,0.0761925,0.00331686
4,1,154.949,-161.831,1794.93,-3.0516,0.0757212,0.00284553
4,1,145.779,-174.524,1797.79,-3.07946,0.37583,0.0350692
4,1,156.98,-167.57,1862.36,-3.13158,0.0588723,0.0124967
4,1,152.943,-150.723,1837.72,-3.07107,0.0700026,0.00247171
4,1,143.22,-159.255,1830.75,-2.81903,0.075752,0.00138259
4,1,145.076,-159.63,1781.89,3.13189,-0.253161,0.010097
4,1,138.966,-170.001,1826.01,-3.12443,0.0541816,0.004175
4,1,147.706,-158.22,1795.87,-3.05627,0.0723388,0.00260013
4,1,140.447,-165.479,1795.92,-3.05388,0.0718658,0.00310418
4,1,151.341,-154.59,1795.92,-3.05106,0.0703784,0.00241293
4,1,144.193,-159.354,1799.53,3.13999,-0.0117926,0.0182147
4,1,154.294,-154.675,1796.26,-2.92604,0.0724132,0.0265603
4,1,152.836,-167.644,1881.35,-3.04816,0.0667805,0.00230723
4,1,164.047,-154.393,1836.27,-3.08181,0.0580843,0.00184653
4,1,155.227,-158.247,1797.99,-2.98596,0.0395837,-0.00167818
4,1,162.474,-144.678,1761.63,-3.09014,0.278646,0.0194004
4,1,165.883,-156.212,1835.69,-2.98004,0.13936,0.00941358
4,1,168.109,-156.665,1772.86,3.0102,0.0729044,0.0260409
4,1,159.664,-165.021,1766.66,2.8841,0.0555414,0.0029429
4,1,166.817,-163.847,1779.31,-2.8714,-0.00255832,-0.00755439
4,1,162.137,-172.619,1792.76,-3.04342,0.0751038,0.00303108
4,1,173.289,-163.613,1834.47,-2.98171,0.140061,0.00945468
4,1,159.089,-159.216,1762.89,3.02786,0.0028551,-0.00754947
4,1,175.605,-167.607,1879.3,-3.05664,0.0845058,0.00351797
4,1,165.83,-174.701,1833.77,-2.98637,0.132825,0.00872198
4,1,173.233,-174.672,1833.01,-2.93061,0.152393,0.0124934
4,1,165.829,-182.107,1833.19,-2.95591,0.144307,0.012278
4,1,173.233,-174.672,1833.01,-2.93061,0.152393,0.0124934
4,1,161.472,-164.413,1743.4,-3.09413,-0.142236,-0.0164086
4,1,167.673,-150.085,1738.58,2.97905,0.0398251,0.00215217
4,1,150.614,-161.459,1747.55,2.98729,-0.0427469,-0.0111404
4,1,169.582,-159.908,1834.99,-2.99193,0.134659,0.00894692
4,1,157.165,-167.275,1791.21,2.91732,-0.000292916,-0.00734701
4,1,161.274,-166.005,1798.29,3.11703,0.000730687,-0.0111183
4,1,158.182,-170.463,1807.21,-3.09594,-0.00410807,-0.00796897
4,1,169.431,-161.789,1793.51,-3.04553,0.0807693,0.00312368
4,1,155.364,-168.844,1756.62,-2.84099,0.0478196,-0.00789585
4,1,171.772,-178.956,1878.35,-3.04397,0.0778644,0.00280058
4,1,151.499,-180.227,1812.37,2.96509,0.00462662,-0.00601118
4,1,151.584,-173.756,1789.67,-2.71384,0.115444,-0.00538525
4,1,147.289,-189.549,1834.05,-2.94263,0.138965,0.0136734
4,1,153.453,-179.506,1787.36,3.06807,-0.00846372,-0.0152245
4,1,151.009,-185.845,1834.25,-2.91681,0.144263,0.0129307
4,1,158.416,-185.825,1833.53,-2.92275,0.146727,0.0134305
4,1,143.098,-178.667,1742.23,2.98375,-0.0490732,-0.0128879
4,1,143.098,-178.667,1742.23,2.98375,-0.0490732,-0.0128879
4,1,141.948,-184.291,1780.17,2.91131,-0.0256545,-0.00704206
4,1,152.846,-183.982,1834.1,-3.05459,0.0612481,0.002498
4,1,140.019,-181.572,1789.97,2.93005,0.0520417,0.00206413
4,1,143.927,-180.081,1746,-2.6603,0.0524361,-0.0112355
4,1,143.856,-195.589,1789.4,-2.72444,0.052362,-0.00720014
4,1,158.388,-196.919,1832.36,-2.94949,0.140927,0.012011
4,1,149.47,-190.002,1796.58,3.10032,0.377143,-0.00275078
4,1,158.377,-200.601,1831.87,-2.90766,0.146966,0.0145996
4,1,147.327,-198.663,1770.64,-3.10818,0.42444,-5.09644e-05
4,1,160.316,-205.464,1876.41,-3.02913,0.0689871,0.00280866
4,1,151.341,-196.139,1818.46,-3.08295,0.331912,-0.000557107
4,1,156.53,-201.697,1877.21,-3.03254,0.0698643,0.00313244
4,1,158.402,-189.519,1833.1,-2.93124,0.146847,0.0136505
4,1,148.036,-193.094,1792.78,-2.87779,0.222554,-0.00441006
4,1,149.865,-194.764,1776.22,2.92008,0.0495484,0.00248663
4,1,158.178,-192.366,1805.46,-3.08025,-0.00572543,-0.00860058
4,1,154.675,-196.91,1832.56,-2.91749,0.145681,0.0130823
4,1,158.019,-182.834,1801.01,2.94774,-0.00273699,-0.00601323
4,1,159.349,-170.67,1768.86,3.02687,-0.0580423,-0.0213092
4,1,153.916,-173.324,1765.72,3.00668,-0.0250557,-0.0296228
4,1,154.582,-173.077,1746.39,-2.66617,0.0587873,-0.00893352
4,1,157.897,-166.842,1747.59,2.85922,0.0173465,0.000914927
4,1,175.547,-178.926,1877.76,-3.03807,0.0756634,0.00231353
4,1,174.073,-169.513,1774.96,2.89823,-0.0153498,-0.00587976
4,1,169.061,-175.801,1809.68,-2.77315,0.0578972,-0.00842352
4,1,173.758,-165.207,1767.54,2.88549,0.00339825,-0.00389727
4,1,169.384,-179.857,1791.63,-3.03924,0.0805956,0.0035737
4,1,182.629,-171.271,1803.12,3.02632,0.180516,0.0398261
4,1,174.282,-174.325,1782.89,3.13507,-0.227741,0.00869792
4,1,187.668,-196.265,1896.62,-3.05681,-0.0205228,-0.0130993
4,1,180.201,-183.406,1789.8,-3.02887,0.0825658,0.00296361
4,1,176.932,-185.778,1831.79,-2.93553,0.153441,0.0136525
4,1,186.616,-187.374,1848.72,-2.86384,0.0700314,-0.0244332
4,1,186.874,-194.035,1875.01,-3.03108,0.0824864,0.00332628
4,1,186.914,-190.287,1875.79,-3.03881,0.0878579,0.00404572
4,1,187.886,-187.528,1814.39,-2.78939,0.0499935,-0.0124539
4,1,184.284,-196.827,1829.69,-2.96272,0.147088,0.0114352
4,1,191.692,-189.406,1829.55,-2.94397,0.156062,0.0132563
4,1,184.284,-196.827,1829.69,-2.96272,0.147088,0.0114352
4,1,191.683,-196.82,1828.98,-3.04799,0.0923726,0.00413717
4,1,187.589,-206.191,1845.31,-3.06758,0.271357,0.0187982
4,1,194.421,-209.156,1872.67,-3.02424,0.0874454,0.00385578
4,1,198.234,-205.382,1872.9,-3.02855,0.0938584,0.00431881
4,1,198.225,-209.168,1872.48,-3.02768,0.0940392,0.00447152
4,1,198.225,-209.168,1872.48,-3.02768,0.0940392,0.00447152
4,1,179.872,-197.527,1750.47,3.05301,0.00924995,-0.00320961
4,1,186.861,-190.96,1757.86,2.99643,-0.0392186,-0.00335882
4,1,183.794,-197.866,1788.03,-3.03365,0.0902021,0.00450826
4,1,198.225,-209.168,1872.48,-3.02768,0.0940392,0.00447152
4,1,189.457,-198.382,1773.23,2.92079,0.0689322,0.00434525
4,1,188.466,-201.968,1744.14,-2.75629,0.340784,0.0231213
4,1,197.601,-203.319,1744.96,-3.12681,-0.0791676,-0.000422209
4,1,199.557,-195.541,1705.21,-2.72975,0.0644527,-0.0141289
4,1,217.348,-204.608,1778.83,-3.0124,-0.0217696,0.000297114
4,1,223.51,-204.972,1782.69,-3.03108,0.119609,0.00654427
4,1,223.516,-194.109,1783.59,-3.03436,0.114214,0.0055298
4,1,224.879,-196.651,1824.5,-2.99022,0.148591,0.00991558
4,1,209.275,-194.785,1728.28,-2.78156,0.0556812,-0.0167025
4,1,201.201,-176.115,1679.06,2.89432,-0.00318473,-0.00449132
4,1,201.201,-176.115,1679.06,2.89432,-0.00318473,-0.00449132
4,1,210.127,-204.119,1825.86,-2.96857,0.15292,0.0112812
4,1,199.31,-183.682,1719.57,-3.12882,0.0910321,0.0118932
4,1,191.206,-174.688,1760.08,-2.71888,0.00237657,-0.0404929
4,1,211.786,-188.696,1779.82,3.10081,0.282564,-0.00246245
4,1,230.721,-194.073,1782.53,-3.03096,0.115104,0.00536153
4,1,243.967,-185.146,1771.53,3.14072,-0.0252434,0.0159321
4,1,241.657,-176.029,1783.39,-3.03579,0.120868,0.00527712
4,1,238.518,-157.819,1769.05,-2.93365,0.298948,0.0826113
4,1,223.625,-172.479,1786.18,-3.04162,0.111909,0.00488037
4,1,230.785,-186.895,1783.66,-3.04164,0.119254,0.00596358
4,1,246.765,-215.284,1762.15,3.08516,0.284374,0.00119956
4,1,244.997,-233.671,1775.86,-3.01176,0.126546,0.0076942
4,1,222.445,-214.501,1681.26,2.93555,-0.00219895,-0.00490481
4,1,227.915,-219.026,1708.56,-2.59273,0.146913,-0.0048708
4,1,223.328,-233.714,1778.37,-3.00458,0.10807,0.00604618
4,1,228.611,-192.973,1824.69,-3.00385,0.143676,0.00858122
4,1,200.97,-180.171,1829.65,-3.07225,0.0725183,0.00267748
4,1,160.517,-221.49,1767.03,-3.05743,-0.121918,-0.0410598
4,1,122.042,-219.437,1765.6,3.09653,0.400837,-0.00440789
4,1,122.042,-219.437,1765.6,3.09653,0.400837,-0.00440789
4,1,122.042,-219.437,1765.6,3.09653,0.400837,-0.00440789
4,1,-97.5882,-252.438,1753.84,-2.64436,-0.0391203,0.0109737
4,1,-97.5882,-252.438,1753.84,-2.64436,-0.0391203,0.0109737
4,1,-97.747,-228.861,1789.83,2.95539,-0.00353325,0.0261522
4,1,-112.428,-281.818,1823.99,-2.84161,-0.123235,-0.018857
4,1,-127.129,-322.224,1816.26,-2.83519,-0.130931,-0.020653
4,1,-130.755,-336.837,1813.02,-3.10078,-0.0216457,-0.000686819
4,1,-98.9981,-296.716,1823.36,3.0468,0.0328852,0.0340822
4,1,-79.1681,-292.055,1758.4,3.06885,0.0594969,0.031787
4,1,-32.8075,-263.745,1746.75,3.10756,-0.241181,-0.000883436
4,1,-25.7462,-261.662,1779.07,3.03545,-0.0539661,0.0400148
4,1,-5.13256,-244.042,1790.14,-3.09649,-0.114735,0.024874
4,1,6.79788,-241.803,1805.95,3.13987,-0.00358904,0.0269319
4,1,2.50556,-259.921,1831.52,3.0781,0.00293709,6.66281e-05
4,1,8.80769,-244.998,1743.7,-2.80108,-0.254186,-0.0273014
4,1,-22.1952,-273.146,1792.7,2.99067,0.0145458,0.0171924
4,1,-22.1952,-273.146,1792.7,2.99067,0.0145458,0.0171924
4,1,-22.1952,-273.146,1792.7,2.99067,0.0145458,0.0171924
4,0,-22.1952,-273.146,1792.7,2.99067,0.0145458,0.0171924
4,0,-22.1952,-273.146,1792.7,2.99067,0.0145458,0.0171924
4,0.944444,-97.4146,-373.653,1808.47,-3.10252,-0.0117274,-0.000200125
4,0.944444,-79.2167,-332.232,1749.33,2.98599,0.00352967,0.0125979
4,0.944444,-79.2167,-332.232,1749.33,2.98599,0.00352967,0.0125979
4,1,-19.7581,-289.421,1827.06,3.10114,0.00455192,0.000347062
4,1,-19.7581,-289.421,1827.06,3.10114,0.00455192,0.000347062
4,1,-19.7581,-289.421,1827.06,3.10114,0.00455192,0.000347062
4,1,-1.1804,-245.041,1791.35,-3.02032,-0.00469738,-0.000398441
4,1,20.8834,-243.092,1819.15,3.13041,0.0575316,-0.00377666
4,1,20.8834,-243.092,1819.15,3.13041,0.0575316,-0.00377666
4,1,79.7241,-214.483,1800.47,-2.86583,-0.102846,-0.0602079
4,1,115.003,-186.979,1812.45,3.02785,-0.0694259,-0.0234151
4,1,115.003,-186.979,1812.45,3.02785,-0.0694259,-0.0234151
4,0.944444,219.989,-115.718,1788.39,3.12831,-0.198111,-0.0587898
4,0.944444,219.989,-115.718,1788.39,3.12831,-0.198111,-0.0587898
4,0.944444,219.989,-115.718,1788.39,3.12831,-0.198111,-0.0587898
4,0,219.989,-115.718,1788.39,3.12831,-0.198111,-0.0587898
4,0,219.989,-115.718,1788.39,3.12831,-0.198111,-0.0587898
4,0,219.989,-115.718,1788.39,3.12831,-0.198111,-0.0587898
4,0,219.989,-115.718,1788.39,3.12831,-0.198111,-0.0587898
4,0,219.989,-115.718,1788.39,3.12831,-0.198111,-0.0587898
4,0,219.989,-115.718,1788.39,3.12831,-0.198111,-0.0587898
4,0,219.989,-115.718,1788.39,3.12831,-0.198111,-0.0587898
4,0,219.989,-115.718,1788.39,3.12831,-0.198111,-0.0587898
4,0,219.989,-115.718,1788.39,3.12831,-0.198111,-0.0587898
4,0,219.989,-115.718,1788.39,3.12831,-0.198111,-0.0587898
4,0,219.989,-115.718,1788.39,3.12831,-0.198111,-0.0587898
4,0,219.989,-115.718,1788.39,3.12831,-0.198111,-0.0587898
4,0,219.989,-115.718,1788.39,3.12831,-0.198111,-0.0587898
4,0,219.989,-115.718,1788.39,3.12831,-0.198111,-0.0587898
4,0,219.989,-115.718,1788.39,3.12831,-0.198111,-0.0587898
4,0,219.989,-115.718,1788.39,3.12831,-0.198111,-0.0587898
4,0,219.989,-115.718,1788.39,3.12831,-0.198111,-0.0587898
4,0,219.989,-115.718,1788.39,3.12831,-0.198111,-0.0587898
4,0,219.989,-115.718,1788.39,3.12831,-0.198111,-0.0587898
4,0,219.989,-115.718,1788.39,3.12831,-0.198111,-0.0587898
4,0,219.989,-115.718,1788.39,3.12831,-0.198111,-0.0587898
4,0,219.989,-115.718,1788.39,3.12831,-0.198111,-0.0587898
4,0,219.989,-115.718,1788.39,3.12831,-0.198111,-0.0587898
4,0,219.989,-115.718,1788.39,3.12831,-0.198111,-0.0587898
4,0,219.989,-115.718,1788.39,3.12831,-0.198111,-0.0587898
4,0,219.989,-115.718,1788.39,3.12831,-0.198111,-0.0587898
4,0,219.989,-115.718,1788.39,3.12831,-0.198111,-0.0587898
4,0,219.989,-115.718,1788.39,3.12831,-0.198111,-0.0587898
4,0,219.989,-115.718,1788.39,3.12831,-0.198111,-0.0587898
4,0,219.989,-115.718,1788.39,3.12831,-0.198111,-0.0587898
4,0,219.989,-115.718,1788.39,3.12831,-0.198111,-0.0587898
4,0,219.989,-115.718,1788.39,3.12831,-0.198111,-0.0587898
4,0,219.989,-115.718,1788.39,3.12831,-0.198111,-0.0587898
4,0,219.989,-115.718,1788.39,3.12831,-0.198111,-0.0587898
4,0,219.989,-115.718,1788.39,3.12831,-0.198111,-0.0587898
4,0,219.989,-115.718,1788.39,3.12831,-0.198111,-0.0587898
4,1,307.119,-243.148,1741.82,-3.1251,0.282268,-0.053232
4,1,278.724,-222.097,1694.21,2.97011,0.172528,-0.0650162
4,1,279.044,-211.667,1722.71,3.02153,0.13584,-0.0662627
4,1,261.415,-219.262,1707.67,3.03482,0.266064,-0.0552183
4,1,238.517,-204.321,1659.21,-2.64524,0.272172,0.0246428
4,1,236.977,-202.934,1736.96,3.09207,0.161252,-0.0488532
4,1,205.328,-207.377,1707.96,3.0795,-0.120953,-0.045042
4,1,201.12,-194.982,1784.75,3.04312,0.0881436,-0.0318947
4,1,167.198,-179.758,1752.74,-3.13045,-0.12089,-0.0478034
4,1,149.214,-180.932,1789.6,3.13748,-0.0315141,-0.0501586
4,1,131.57,-170.715,1740.61,-2.79709,0.0419905,-0.0296001
4,1,122.285,-179.965,1795.66,-3.04379,0.0578496,0.0023532
4,1,103.612,-185.709,1790.64,3.12674,0.233508,-0.00684975
4,1,100.501,-187.224,1796.19,-3.04117,0.0444892,0.00181847
4,1,82.7686,-180.913,1699.85,2.90872,-0.0270852,-0.0112988
4,1,75.0899,-194.495,1796.73,-3.03672,0.0307183,0.00113279
4,1,65.6646,-200.799,1837.98,3.06847,-0.0205643,0.001275
4,1,56.9371,-198.134,1797.05,-3.03668,0.0205064,0.000465338
4,1,56.9371,-198.134,1797.05,-3.03668,0.0205064,0.000465338
4,1,44.5358,-197.498,1694.33,2.91151,-0.0160471,-0.0127441
4,1,44.5358,-197.498,1694.33,2.91151,-0.0160471,-0.0127441
4,1,38.3216,-208.715,1738.74,2.97351,0.130984,-0.0382439
4,1,27.9101,-227.311,1808.31,-3.13542,0.0826536,-0.00171102
4,1,21.0507,-234.04,1740.93,3.02836,0.108532,-0.0379366
4,1,21.0507,-234.04,1740.93,3.02836,0.108532,-0.0379366
4,1,26.9935,-232.436,1753.93,3.13222,0.241102,0.00131947
4,1,31.9158,-226.698,1765.64,3.098,0.0560568,-0.0390841
4,1,49.7855,-220.963,1791.08,3.12697,0.115885,-0.00681857
4,1,48.6257,-215.768,1729.76,3.09012,-0.193766,-0.0323074
4,1,53.6946,-213.4,1754.45,2.89472,-0.000511199,-0.0259599
4,1,62.3104,-215.406,1795.69,3.1356,-0.0311507,-0.0554226
4,1,58.3074,-214.216,1737.32,-2.62704,0.0331341,-0.00715537
4,1,51.8486,-208.6,1728.87,2.9791,-0.0493818,-0.0128311
4,1,56.7336,-203.688,1769.86,3.05102,-0.0904619,-0.0313046
4,1,63.4675,-195.561,1770.17,-3.13647,-0.0301394,-0.0147985
4,1,63.9113,-197.163,1784.23,3.13578,0.0252027,-0.0144982
4,1,54.0989,-207.96,1757.97,-2.81701,0.0326242,-0.0321857
4,1,54.0989,-207.96,1757.97,-2.81701,0.0326242,-0.0321857
4,1,54.0989,-207.96,1757.97,-2.81701,0.0326242,-0.0321857
4,1,82.5472,-199.454,1795.94,3.09609,0.17016,-0.00839152
4,1,86.6583,-198.226,1760.72,-3.12215,-0.120923,-0.055784
4,1,100.579,-196.259,1743.7,-3.10243,-0.14983,-0.0510374
4,1,116.425,-208.498,1775.07,3.12136,-0.103927,-0.0585493
4,1,145.797,-211.962,1793.69,-3.14078,0.0534062,-0.0651643
4,1,159.098,-229.137,1787.98,-3.12961,0.0223303,-0.0778748
4,1,165.576,-238.004,1754.62,-2.97012,-0.133032,-0.104124
4,1,173.852,-240.913,1768.53,-3.12548,0.0361453,-0.0669904
4,1,181.443,-233.183,1773.05,3.11768,0.0592095,-0.059821
4,1,177.821,-221.414,1747.34,-3.13216,0.161993,-0.0499972
4,1,183.831,-207.104,1759.76,-3.12139,-0.0211756,-0.0685458
4,1,186.914,-200.503,1789.93,-3.01953,0.193021,-0.0196062
4,1,173.45,-188.959,1727.34,-2.62485,0.111997,-0.0046721
4,1,178.335,-186.422,1747.14,-3.13223,-0.106592,-0.0503956
4,1,182.553,-184.969,1779.1,3.08325,0.289935,-0.00746548
4,1,186.1,-183.47,1799.12,-3.13742,0.0764977,-0.0501495
4,1,186.1,-183.47,1799.12,-3.13742,0.0764977,-0.0501495
4,1,164.069,-184.948,1767.03,-2.96083,-0.146805,-0.058057
4,1,158.498,-190.728,1791.53,-3.03184,0.0766319,0.00326069
4,1,151.793,-189.037,1800.13,3.10439,0.210768,-0.00820753
4,1,151.249,-187.115,1792.41,-3.03688,0.0710346,0.00314143
4,1,145.607,-202.516,1813.79,-3.13005,0.135326,0.000798904
4,1,145.607,-202.516,1813.79,-3.13005,0.135326,0.000798904
4,1,142.133,-201.102,1726.13,-2.81142,-0.0688502,-0.0426867
4,1,147.534,-219.607,1788.72,-3.02034,0.0698092,0.0034163
4,1,144.06,-209.032,1699.5,2.94587,0.00517437,-0.00346961
4,1,158.398,-215.95,1788.06,-3.01174,0.0672378,0.00245001
4,1,165.216,-216.849,1784.64,3.08122,0.237647,-0.0078071
4,1,175.238,-203.39,1739.26,3.0317,0.0343054,0.00138721
4,1,175.238,-203.39,1739.26,3.0317,0.0343054,0.00138721
4,1,191.859,-194.373,1768.4,2.93631,0.0414814,-0.0228652
4,1,168.755,-206.729,1710.17,2.96413,0.324003,-0.0384661
4,1,171.697,-224.415,1796.98,3.13573,-0.00256029,-0.0615949
4,1,170.087,-222.449,1741.63,-3.12647,-0.0982795,-0.0649584
4,1,177.744,-230.251,1759.07,-2.85897,0.201425,-0.00675667
4,1,192.078,-231.271,1783.89,-3.13414,-0.01367,-0.0473958
4,1,193.755,-231.318,1756.45,3.14099,-0.0780131,-0.0662172
4,1,189.136,-232.678,1740.46,-3.14056,-0.0879537,-0.0557169
4,1,189.799,-243.796,1781.29,-3.10838,0.103062,-0.0403857
4,1,189.977,-235.106,1759.82,-3.12902,-0.066142,-0.0633888
4,1,192.242,-233.209,1770.41,-3.14084,-0.0127925,-0.052259
4,1,185.806,-230.731,1728.39,3.08237,-0.0655994,-0.0255077
4,1,183.261,-237.6,1761.76,3.10092,0.251686,-0.0450378
4,1,192.846,-217.832,1743.5,-2.7998,0.0818036,-0.0248601
4,1,192.719,-226.853,1802.62,-3.0623,0.0857707,-0.0294142
4,1,185.53,-220.267,1759.59,-3.09387,-0.0682313,-0.0436402
4,1,192.236,-214.274,1780.61,-3.13848,0.00940018,-0.0546366
4,1,191.573,-216.852,1801.37,3.09404,0.091564,-0.0418551
4,1,175.638,-220.029,1747.18,-2.77318,0.135629,-0.035973
4,1,184.926,-219.096,1771.81,3.08681,-0.0918557,-0.0495116
4,1,189.722,-198.786,1698.31,3.10168,-0.182445,-0.0385009
4,1,200.29,-210.433,1787.3,-3.14098,-0.0513788,-0.051497
4,1,195.827,-222.207,1789.04,-3.12999,0.0782564,-0.0464038
4,1,194.205,-220.159,1773.48,3.12058,0.12882,-0.0453977
4,1,200.685,-209.773,1769.3,-3.00094,0.296353,-0.0149644
4,1,195.067,-208.833,1723.37,3.00317,0.053335,0.00331447
4,1,199.98,-219.584,1801.04,-3.0544,0.0838923,-0.0235147
4,1,194.071,-223.182,1791.97,-3.13019,0.0673094,-0.0489077
4,1,196.414,-222.524,1779.13,3.07801,-0.0520264,-0.0320015
4,1,206.102,-215.235,1743.67,-3.13445,-0.112398,-0.0586603
4,1,206.543,-217.166,1733.41,-2.82994,-0.0771291,-0.0657333
4,1,215.269,-216.016,1765.85,-3.12408,0.116494,-0.0479971
4,1,202.504,-222.8,1721.24,3.03763,-0.0464653,-0.0120099
4,1,210.49,-210.742,1747.11,-2.918,0.31051,-0.0102352
4,1,212.712,-204.728,1755.85,3.07688,0.341567,-0.0084025
4,1,207.271,-190.113,1732.08,2.93933,-0.0595043,-0.00936554
4,1,206.881,-180.94,1725.92,2.99528,0.0521738,-0.0272846
4,1,208.456,-186.35,1740.76,3.12847,-0.0860539,-0.0469088
4,1,216.293,-201.366,1783.87,-3.02047,0.104985,0.00495371
4,1,215.362,-197.372,1748.85,-3.07046,0.313324,0.0214038
4,1,227.959,-188.432,1790.6,3.08881,0.249161,-0.00992834
4,1,216.171,-180.187,1704.99,-2.65894,0.296467,0.0271129
4,1,236.513,-192.287,1779.56,2.93881,0.00296699,-0.00329587
4,1,225.978,-179.055,1747.79,-2.93087,0.372668,-0.00580285
4,1,221.48,-201.494,1765.79,2.91527,0.0941956,0.00525108
4,1,224.757,-217.585,1776.62,-3.13294,0.0199704,-0.0518031
4,1,239.218,-198.669,1758.71,-2.95922,-0.0173105,-0.0440638
4,1,249.201,-196.412,1779.15,-2.8664,0.259511,-0.00874403
4,1,255.67,-197.799,1773.51,-3.10053,0.126356,-0.0295626
4,1,250.57,-204.845,1752.14,-2.98913,0.344654,-0.0172391
4,1,257.831,-204.513,1791.33,-3.0245,0.146552,-0.0251531
4,1,243.443,-191.256,1761.03,3.13486,0.112488,-0.0486763
4,1,228.826,-185.511,1728.38,-3.13534,-0.0861601,-0.0627485
4,1,230.868,-174.761,1732.81,3.13594,0.00958763,-0.0345699
4,1,229.129,-162.501,1749.98,-3.13605,-0.0472615,-0.0484435
4,1,226.34,-168.944,1764.45,3.08963,0.236886,-0.0573851
4,1,223.578,-174.224,1776.35,-3.04195,0.297214,-0.0336881
4,1,227.627,-171.824,1770.27,3.09274,-0.0929931,-0.0471131
4,1,229.544,-184.933,1842.83,-2.88003,0.101851,-0.0405182
4,1,236.335,-177.156,1801.69,-3.07578,0.165515,-0.0311526
4,1,232.054,-186.338,1784.44,3.13743,0.109748,-0.0463332
4,1,237.508,-182.695,1786.41,-3.10708,0.183595,-0.0341951
4,1,239.672,-176.444,1766.5,2.90221,0.0851913,-0.000721989
4,1,241.663,-159.788,1720.92,3.06603,-0.118851,-0.0383575
4,1,235.007,-180.862,1787.97,3.09135,0.257761,-0.0100925
4,1,223.902,-173.322,1726.84,2.90489,0.187387,-0.0338032
4,1,230.522,-177.888,1775.76,3.05579,0.1692,-0.039306
4,1,224.121,-173.983,1724.54,2.95746,-0.0320473,-0.0453843
4,1,229.477,-193.112,1790.55,-3.094,0.0940174,-0.0632609
4,1,223.169,-190.519,1778.66,-3.10362,0.0915969,-0.01901
4,1,226.414,-185.762,1789.7,3.06853,-0.112919,-0.0325252
4,1,223.724,-168.318,1740,3.13862,-0.102278,-0.0482595
4,1,218.4,-166.788,1729.71,-2.85722,0.398242,0.0182765
4,1,234.294,-166.117,1786.05,3.13889,0.0881274,-0.0306838
4,1,224.917,-171.906,1764.74,-2.6977,0.0881404,-0.0185558
4,1,233.248,-166.694,1781.28,2.96301,-0.0395987,-0.0133562
4,1,235.796,-153.651,1775.55,3.04543,-0.0109443,-0.0121603
4,1,247.611,-156.071,1872.08,-3.05245,0.122709,0.00480851
4,1,241.821,-139.457,1829.1,-3.12256,0.0276016,0.000210745
4,1,231.892,-128.426,1783.41,3.14047,-0.000151552,-0.00730164
4,1,238.071,-121.554,1807.47,-2.87135,0.233503,-0.00998024
4,1,230.583,-121.136,1781.73,-3.05908,0.0184498,-0.0236355
4,1,240.929,-113.264,1801.26,-2.7795,0.0951534,-0.0209356
4,1,240.495,-112.938,1796.43,-2.77304,0.0859025,-0.0235888
4,1,230.218,-112.334,1759.53,2.95132,0.278191,-0.033898
4,1,247.762,-103.023,1876.09,-3.0751,0.122285,0.00296044
4,1,238.746,-95.7184,1795.39,3.12175,0.266892,-0.0121393
4,1,227.665,-101.864,1762.31,-2.90459,0.0541478,-0.0193397
4,1,235.307,-99.6533,1785.92,3.06502,-0.0138324,-0.01181
4,1,241.884,-96.5029,1789.83,-3.07265,0.12193,0.00286166
4,1,249.316,-102.449,1830.84,-3.02216,0.281676,0.0175391
4,1,241.911,-103.765,1789.75,-3.07752,0.124863,0.00341241
4,1,247.914,-111.182,1793.8,3.01888,0.322245,-0.00371521
4,1,258.347,-119,1827.28,-3.06626,0.142783,0.00454828
4,1,249.071,-118.21,1787.63,-3.06747,0.126998,0.00402672
4,1,250.958,-126.418,1827.84,-3.06353,0.138657,0.00473751
4,1,244.983,-120.348,1762.53,2.99638,-0.0157694,-0.00906343
4,1,256.292,-114.577,1786.77,-3.07132,0.132448,0.00380326
4,1,258.347,-119,1827.28,-3.06626,0.142783,0.00454828
4,1,242.149,-119.101,1743.62,2.96894,0.0389041,-0.0188455
4,1,251.058,-118.565,1794.83,3.10986,-0.00758217,-0.0140403
4,1,252.686,-110.968,1787.48,-3.07782,0.130127,0.00388898
4,1,249.088,-114.602,1787.94,-3.07464,0.12953,0.00398392
4,1,243.064,-126.863,1777.57,2.88764,0.00176853,-0.000356176
4,1,254.622,-130.095,1826.94,-3.04968,0.146949,0.00472379
4,1,250.95,-133.819,1827.38,-3.04914,0.144136,0.00531907
4,1,228.511,-135.908,1708.94,2.79656,0.019271,0.00220448
4,1,238.189,-136.321,1787.69,-3.06621,0.122773,0.00426267
4,1,241.811,-129.067,1787.68,-3.06147,0.12219,0.004221
4,1,237.179,-133.533,1800.62,3.12557,-0.00314171,-0.0176151
4,1,230.943,-136.32,1788.42,-3.06453,0.116529,0.00409636
4,1,230.941,-139.94,1788.22,-3.06426,0.120183,0.00445554
4,1,239.843,-141.228,1828.18,-3.04003,0.142489,0.00591414
4,1,230.948,-139.94,1788.28,-3.05976,0.117516,0.00432148
4,1,230.948,-139.94,1788.28,-3.05976,0.117516,0.00432148
4,1,228.743,-144.941,1829.15,-3.04418,0.132726,0.00529848
4,1,231.725,-139.224,1793.26,3.14127,-0.00500516,0.0182374
4,1,243.534,-137.519,1827.87,-3.05175,0.137989,0.00494628
4,1,251.395,-140.893,1872.44,-3.06862,0.123496,0.00431505
4,1,237.767,-133.272,1786.18,-3.10797,0.18162,0.0232523
4,1,236.825,-128.786,1754.37,2.85212,0.00339177,0.000537815
4,1,246.983,-127.294,1792.09,-2.76021,0.0982926,-0.0210659
4,1,254.628,-126.4,1827.22,-3.05764,0.143033,0.00489891
4,1,249.66,-127.735,1790.59,2.90408,0.123085,0.0030912
4,1,252.87,-139.496,1828.69,-3.04863,0.359482,0.0460633
4,1,234.386,-136.042,1734.67,-3.09761,0.367326,0.0263183
4,1,243.481,-148.587,1826.78,-3.02196,0.152908,0.00684535
4,1,243.517,-144.911,1827.32,-3.04289,0.140525,0.00621441
4,1,243.517,-144.911,1827.32,-3.04289,0.140525,0.00621441
4,1,247.211,-141.207,1827.07,-3.06006,0.134594,0.00500986
4,1,243.566,-142.131,1801.02,-3.12844,0.101692,0.0225027
4,1,233.528,-130.766,1732.76,2.82414,-0.00328757,-0.0039615
4,1,235.219,-136.54,1805.41,3.13543,-0.152114,0.0134731
4,1,224.96,-138.28,1800.53,-3.13195,0.0673087,0.0225845
4,1,232.526,-119.056,1830.9,-3.06133,0.131121,0.0044458
4,1,212.912,-125.51,1791.57,-3.07126,0.105798,0.00349796
4,1,205.752,-114.689,1793.66,-3.07328,0.104343,0.00298683
4,1,214.066,-111.69,1833.7,-3.04546,0.133754,0.00486269
4,1,189.1,-108.719,1667.15,2.72301,0.0283081,0.00280202
4,1,198.472,-121.932,1793.74,-3.07704,0.100992,0.0031868
4,1,194.854,-129.19,1793.79,-3.07016,0.100987,0.00341112
4,1,177.602,-121.844,1687.41,2.85884,-0.00399164,-0.00400752
4,1,188.143,-126.546,1835.62,-3.02414,0.132246,0.00568195
4,1,176.719,-136.447,1794.87,-3.07008,0.0880573,0.0030003
4,1,180.722,-145.101,1835.27,-3.07537,0.0890562,0.00296115
4,1,171.428,-117,1691.5,2.75448,0.0402671,0.00375788
4,1,166.006,-142.254,1817.7,-3.13665,0.103781,-0.00399343
4,1,167.818,-149.194,1820.98,3.01582,0.146111,-0.0340847
4,1,159.301,-134.618,1744.98,2.8317,0.0816412,0.000813707
4,1,154.356,-146.067,1754.48,2.85383,0.0459723,-0.012629
4,1,146.375,-148.691,1672.97,-2.57289,0.0900214,-0.0112741
4,1,158.12,-138.451,1771.52,2.7588,0.091946,-0.000669883
4,1,173.11,-111.804,1729.33,-2.65893,0.131032,-0.0037369
4,1,169.119,-130.356,1697.51,-2.61375,0.0849989,-0.024572
4,1,191.831,-137.656,1834.55,-3.04715,0.115324,0.00439761
4,1,198.915,-128.882,1814.33,3.13812,-0.0153775,-0.0385569
4,1,182.096,-127.559,1803.42,-2.81095,0.0327328,-0.0283109
4,1,187.313,-117.58,1816.31,-2.79521,0.0792337,-0.0178137
4,1,195.549,-122.836,1835.11,-3.05977,0.113195,0.00366138
4,1,192.313,-117.549,1777.19,2.75289,0.00154194,0.000949336
4,1,217.76,-107.981,1833.42,-3.06006,0.127915,0.0038989
4,1,226.979,-92.5289,1816.79,3.13217,0.0969712,0.00875286
4,1,228.595,-98.6222,1802.57,-3.13185,0.129674,0.0120334
4,1,228.85,-111.665,1831.88,-3.05143,0.139136,0.00477065
4,1,206.369,-106.437,1741.46,2.80375,0.0808814,0.0256945
4,1,195.606,-90.8969,1785.77,3.13814,0.091934,0.011216
4,1,169.077,-69.8449,1710.37,2.7443,-0.00871593,0.00234273
4,1,163.542,-66.643,1751.46,3.03664,0.123203,0.0074815
4,1,145.255,-74.4172,1658.64,2.68549,0.00502862,0.000392611
4,1,144.443,-62.3123,1648.96,2.76083,-0.0151839,0.001879
4,1,140.378,-45.5111,1583.27,2.75657,0.023708,-0.0114424
4,1,127.169,-36.012,1586.44,2.75592,0.0331548,0.000808724
4,1,111.231,-42.1304,1578.13,2.74623,-0.0249037,0.00164924
4,1,101.504,-46.8233,1578.33,2.85402,-0.038576,-0.00170416
4,1,101.504,-46.8233,1578.33,2.85402,-0.038576,-0.00170416
4,1,85.4484,-57.4871,1620.97,-3.10686,0.0515015,0.000932031
4,1,90.24,-58.9876,1565.78,2.94903,0.145207,-0.0196929
4,1,102.822,-60.3433,1553.01,-3.1322,-0.0182328,-0.00854881
4,1,103.674,-71.588,1504.31,-2.97952,0.190668,-0.00347287
4,1,100.871,-94.5307,1479.91,3.03937,-0.138811,-0.0237581
4,1,100.871,-94.5307,1479.91,3.03937,-0.138811,-0.0237581
4,1,113.503,-102.784,1473.04,-2.79421,0.140419,-0.00898853
4,1,122.725,-119.346,1445.64,-2.80586,0.174866,-0.00110195
4,1,133.421,-127.624,1446.73,-3.1395,0.0468213,-0.0218234
4,1,140.595,-133.965,1414.51,3.12821,0.0624089,0.00556092
4,1,138.082,-134.916,1352.54,3.05027,-0.123886,-0.00616429
4,1,127.328,-122.496,1293.6,2.82675,0.0458321,0.00205266
4,1,117.162,-114.709,1329.11,3.06342,-0.116139,-0.0167794
4,1,88.7453,-94.7829,1241.55,2.71662,0.0216408,-0.00131724
4,1,73.9163,-81.2659,1248.74,2.79559,0.0485035,-0.0233357
4,1,65.06,-65.7653,1218.21,2.78585,-0.0012776,-0.0207806
4,1,74.0442,-55.2101,1230.09,3.04918,-0.119495,-0.0294411
4,1,74.6117,-61.7284,1186.06,2.73404,0.0279754,-0.0233833
4,1,67.3489,-63.6388,1131.93,2.65289,-0.00157058,-0.0114054
4,1,61.2862,-76.1301,1149.51,2.6881,0.00586674,-0.024915
4,1,44.7789,-83.2811,1136.86,2.73264,-0.0224186,-0.0236573
4,1,18.7034,-81.0012,1137.76,2.72988,-0.0540196,-0.026812
4,1,-11.2799,-67.4987,1123.36,2.75139,-0.0670153,-0.0276166
4,1,-17.3056,-69.3052,1115.76,2.74063,-0.0687026,-0.0222172
4,1,-11.139,-70.1461,1111.89,2.79847,-0.0664543,-0.0199292
4,1,5.86275,-62.7226,1141.61,2.97652,-0.184791,-0.0248429
4,1,18.0997,-58.303,1119.74,2.76268,-0.159071,0.00494582
4,1,36.3145,-58.2269,1143.78,2.87006,0.00393536,-0.0241324
4,1,51.9803,-63.3911,1129.65,2.82247,-0.191104,0.00748473
4,1,68.8128,-61.7623,1134.39,2.85089,-0.256646,0.0233361
4,1,99.7819,-67.859,1203.83,3.10147,0.0685622,-0.0168944
4,1,102.881,-72.7566,1156.09,2.81255,-0.196465,0.0182744
4,1,133.91,-71.2606,1177.81,2.96958,-0.218629,-0.00875726
4,1,147.529,-73.0386,1187.91,2.89527,-0.235762,-0.00748239
4,1,150.603,-94.4422,1173.22,2.68268,-0.101118,0.0238777
4,1,170.43,-104.957,1206.39,2.80064,-0.203313,0.011383
4,1,173.524,-107.185,1189.54,2.7221,0.00625247,-0.0243315
4,1,188.462,-112.3,1181.76,2.71718,-0.0806116,0.0185334
4,1,193.513,-92.5839,1185.38,2.84586,-0.203352,0.00338182
4,1,205.813,-84.5262,1209.91,2.73811,0.0533128,-0.0274899
4,1,189.835,-95.2059,1241.11,2.90294,0.0861115,-0.0328253
4,1,189.589,-86.6058,1262.37,2.99876,0.119443,-0.0235764
4,1,179.353,-79.4677,1233.13,2.88024,0.103099,-0.034538
4,1,175.866,-73.3734,1207.11,2.85632,-0.122594,-0.0272266
4,1,171.192,-78.8462,1237.64,3.08754,-0.107588,-0.0533695
4,1,170.149,-73.4596,1241.83,3.04653,0.075284,-0.0402001
4,1,169.85,-61.2686,1245.58,3.12326,-0.0645989,-0.0527267
4,1,172.502,-64.0832,1276.76,3.11711,0.105085,-0.0428665
4,1,162.921,-73.3813,1239.06,2.94795,0.0315053,-0.0259086
4,1,167.85,-74.3609,1279.15,3.10004,0.0931706,-0.0326619
4,1,158.251,-83.5304,1267.4,3.10436,-0.0744067,-0.0385279
4,1,156.606,-88.835,1272,3.12151,-0.0909278,-0.0479904
4,1,162.73,-88.062,1292.37,3.1316,0.0381027,-0.0315271
4,1,165.332,-86.252,1273.02,-3.14157,-0.0344371,-0.05001
4,1,149.927,-81.9637,1256.94,3.00325,-0.0588446,-0.0179197
4,1,164.027,-71.4931,1272.2,2.93247,0.0516344,-0.0183069
4,1,155.211,-97.0154,1309.4,-2.90507,0.211539,-0.0013648
4,1,135.192,-91.83,1286.89,3.0667,-0.137109,-0.00624471
4,1,142.596,-86.0891,1323.68,3.06637,0.082026,-0.025565
4,1,129.443,-80.8115,1294.71,3.08995,-0.107663,-0.0463984
4,1,135.087,-66.9303,1312.44,2.89924,0.0209533,-0.0239887
4,1,129.353,-85.2643,1314.97,3.08953,-0.105511,-0.0369169
4,1,145.609,-81.5321,1361.08,3.13105,0.0728581,-0.0229089
4,1,152.185,-73.4044,1336.96,3.09922,0.0676766,-0.0245391
4,1,160.454,-91.2586,1360.03,3.13716,0.00806255,-0.0218618
4,1,172.058,-107.594,1326.63,-2.84595,0.067473,-0.0256523
4,1,192.714,-95.4792,1334.92,3.01759,0.0543406,0.00163827
4,1,220.05,-110.299,1374.08,3.11713,-0.0435443,0.0263281
4,1,221.18,-112.498,1349.74,-3.1375,0.00343233,0.0281545
4,1,232.671,-75.2474,1327.39,2.96434,-0.0965389,0.018043
4,1,246.656,-67.2049,1397.51,-3.09093,0.161593,0.00362783
4,1,254.898,-65.2616,1396.15,-3.13646,0.00327261,-0.0254653
4,1,265.024,-68.9249,1405.03,3.13126,-0.0397419,-0.028058
4,1,262.359,-61.1399,1412.25,2.95032,0.0948375,0.00710138
4,1,272.666,-57.5535,1447.05,-2.80282,0.120477,-0.0277658
4,1,277.284,-78.7791,1494.73,-3.13853,0.0295164,-0.00328084
4,1,279.696,-72.3032,1520.61,3.14065,-0.0565401,0.0146172
4,1,279.696,-72.3032,1520.61,3.14065,-0.0565401,0.0146172
4,1,291.901,-69.3181,1557.82,2.84886,0.092452,0.00981899
4,1,344.756,-91.5093,1640.79,3.1337,0.155254,0.017944
4,1,356.46,-101.341,1614.62,-3.06757,0.203921,0.00568436
4,1,383.665,-91.5421,1643.3,-3.07428,0.230265,0.00543981
4,1,383.665,-91.5421,1643.3,-3.07428,0.230265,0.00543981
4,1,397.457,-97.9779,1627.16,3.06763,0.202318,0.0162168
4,1,401.51,-87.8481,1591.9,2.98225,0.0905825,0.00537098
4,1,404.278,-98.415,1646.52,-3.12883,0.0140892,0.00366315
4,1,390.108,-88.2154,1599.34,2.97547,0.125699,0.00812326
4,1,387.261,-67.0888,1586.51,-2.88442,0.16258,-0.0100129
4,1,389.251,-77.2561,1592.85,-2.9965,0.054166,-0.0278533
4,1,417.954,-83.2344,1675.2,-3.08738,0.234316,0.00579619
4,1,422.561,-86.5421,1636.86,-3.05819,0.39431,0.0170275
4,1,416.251,-94.5321,1598.48,-3.10368,0.0155722,-0.00922317
4,1,414.852,-99.5366,1574.68,3.05833,0.408405,-0.0117454
4,1,425.069,-111.781,1620.31,-2.9748,0.307099,-0.0145973
4,1,423.789,-121.697,1633.14,-3.09038,0.112098,-0.0687976
4,1,421.659,-110.589,1620.35,3.05129,0.0272998,-0.0117302
4,1,418.614,-96.8398,1599.74,-2.89076,0.32672,-0.0180094
4,1,413.118,-96.2847,1614.14,3.13712,0.00312882,-0.0257006
4,1,387.251,-97.8454,1608.79,-3.13511,0.00193008,-0.0163986
4,1,351.743,-111.084,1590.81,-2.72061,0.240533,-0.00839053
4,1,327.344,-122.877,1606.01,3.06919,0.388996,-0.00962602
4,1,306.393,-110.997,1553.31,-2.88599,0.217566,-0.00857445
4,1,314.68,-98.3783,1549.02,-3.06595,0.0232219,-0.0237037
4,1,300.419,-74.9969,1496.88,3.08745,0.425284,-0.027999
4,1,289.582,-56.3992,1478.69,-2.99425,-0.0232302,-0.0471743
4,1,272.232,-43.6787,1447.46,-2.92556,0.273476,-0.019108
4,1,250.002,-31.3386,1396.15,-2.81124,0.170492,-0.020345
4,1,221.336,-7.54116,1403.88,-3.13068,0.14456,0.000564735
4,1,195.749,-2.79238,1335.87,-2.95973,0.0557194,-0.0178208
4,1,179.723,10.1518,1338.93,-2.982,0.236167,-0.0202033
4,1,171.446,11.9053,1296.1,3.08556,-0.135325,-0.0116308
4,1,165.027,-14.9642,1283.6,-3.13334,0.344778,-0.0074539
4,1,157.505,-35.8406,1261.17,-3.10197,0.273438,-0.0258616
4,1,155.132,-28.0882,1222.14,-3.11972,0.0398075,-0.0279612
4,1,143.265,-18.6393,1197.27,-2.98402,0.271637,-0.0134725
4,1,130.361,-29.7178,1204.9,-3.07024,0.0485699,-0.0231322
4,1,114.167,-42.2834,1136.25,-2.87881,0.055857,-0.0107151
4,1,119.721,-30.3905,1146.83,3.13515,-0.0166673,9.81406e-05
4,1,114.574,-27.3068,1104.4,3.11861,-0.117148,0.00964413
4,1,126.007,-30.4151,1090.95,3.09292,-0.0305569,0.0208777
4,1,141.759,-35.9482,1093.85,-3.1176,-0.0231928,0.0373809
4,1,174.532,-21.1843,1081.26,3.13623,-0.00101315,0.0350308
4,1,188.217,-20.0949,1077.09,-3.1049,-0.0955323,0.0308263
4,1,203.595,-20.0169,1062.3,3.12323,-0.0735267,0.0285558
4,1,212.919,-26.7293,1058.3,-3.07989,-0.0230231,0.0198571
4,1,222.764,-21.7236,1061.91,-3.10168,0.0382708,0.0172668
4,1,222.795,-26.0778,1063.17,-3.05235,0.00653134,0.0148187
4,1,227.461,-28.1482,1074.2,-3.1234,0.0364273,0.0397247
4,1,230.354,-18.4465,1056.36,-3.13884,-8.82161e-05,0.0306697
4,1,229.54,-15.8481,1052.63,-3.09147,-0.0202066,0.0210151
4,1,234.35,-15.7186,1043.14,3.11616,1.46195e-05,0.0325209
4,1,243.084,-12.5155,1064.83,-3.13879,-0.0361059,0.00584739
4,1,256.865,-8.37788,1057.03,3.10708,-0.0501692,0.0294366
4,1,283.92,-2.45501,1057.15,-3.05964,0.0208958,0.00212321
4,1,311.413,2.66757,1041.06,-3.10384,-0.029882,0.0238614
4,1,311.413,2.66757,1041.06,-3.10384,-0.029882,0.0238614
4,1,311.413,2.66757,1041.06,-3.10384,-0.029882,0.0238614
4,0,311.413,2.66757,1041.06,-3.10384,-0.029882,0.0238614
4,0,311.413,2.66757,1041.06,-3.10384,-0.029882,0.0238614
4,0,311.413,2.66757,1041.06,-3.10384,-0.029882,0.0238614
4,0,311.413,2.66757,1041.06,-3.10384,-0.029882,0.0238614
4,0,311.413,2.66757,1041.06,-3.10384,-0.029882,0.0238614
4,1,327.816,-0.389524,1055.04,-3.09451,0.276526,-0.0499435
4,1,309.144,8.12478,1053.16,-3.06832,0.235963,-0.0450674
4,1,305.784,36.5015,1056.43,-3.10195,0.210948,-0.0447592
4,1,298.484,63.1277,1043.61,-3.03497,0.368408,-0.0491962
4,1,295.895,83.7827,1058.38,3.07416,0.363284,-0.0755029
4,1,299.825,91.755,1056.33,2.97324,0.409014,-0.0918846
4,1,316.869,109.91,1086.66,3.04665,0.299482,-0.0521679
4,1,309.24,133.932,1052.3,2.68797,0.346743,-0.0794314
4,1,313.758,152.977,1069.67,3.08904,0.364429,-0.088739
4,1,315.757,172.649,1068.89,2.86712,0.447243,-0.138284
4,1,322.807,194.007,1074.2,2.93495,0.433149,-0.148412
4,1,333.288,198.316,1085.52,2.84019,0.42894,-0.170886
4,1,342.28,196.227,1103.93,2.85503,0.31817,-0.145682
4,1,340.29,195.684,1094.78,3.06501,0.373494,-0.15633
4,1,343.89,177.664,1123.4,2.86401,0.378285,-0.18277
4,1,343.89,177.664,1123.4,2.86401,0.378285,-0.18277
4,1,353.017,173.084,1123.36,3.04589,0.383084,-0.178507
4,1,353.017,173.084,1123.36,3.04589,0.383084,-0.178507
4,1,355.082,179.109,1139.03,2.86077,0.416669,-0.219026
4,1,355.185,175.425,1146.98,2.80259,0.421534,-0.223256
4,1,355.082,168.108,1146.86,2.77961,0.374132,-0.214403
4,1,356.117,160.972,1138.18,2.96383,0.463896,-0.218631
4,1,362,143.881,1161.1,2.89019,0.412746,-0.214179
4,1,365.517,130.87,1170.25,3.02778,0.364562,-0.188842
4,1,365.404,127.246,1172.85,3.01238,0.420611,-0.198414
4,1,364.81,115.095,1190.15,3.08575,0.346947,-0.170897
4,1,364.81,115.095,1190.15,3.08575,0.346947,-0.170897
4,1,378.361,89.5397,1209.75,3.05552,0.320027,-0.151751
4,1,369.099,59.8324,1188.85,-3.13271,0.219065,-0.140091
4,1,369.606,40.9022,1186.84,3.09196,0.525456,-0.129552
4,1,376.963,19.9356,1211.31,2.94147,0.289469,-0.0852338
4,1,367.366,-14.9095,1227.44,-3.03766,0.438735,-0.0381046
4,1,344.625,-61.5185,1252.14,3.02603,0.217629,-0.0268261
4,1,329.535,-75.662,1281.3,-3.0766,0.236809,0.00636813
4,1,309.122,-88.0818,1299.66,-3.11926,0.246146,0.0222479
4,1,287.709,-118.476,1335.76,-2.91434,0.30721,0.0493514
4,1,267.821,-114.118,1332.8,3.08787,0.00993251,0.0338819
4,1,260.166,-94.3849,1356.83,3.13921,-0.00197933,0.0167734
4,1,258.34,-68.4191,1421.75,-3.04582,0.297759,0.0135815
4,1,263.632,-63.5061,1476.59,-3.05167,0.30643,0.0131472
4,1,268.652,-78.4808,1504.19,-3.08594,0.16454,0.00382408
4,1,272.428,-79.7989,1504.19,2.94295,0.217658,0.0313515
4,1,283.336,-112.896,1494.49,-2.76793,0.0996722,-0.0255721
4,1,302.44,-118.005,1536.52,-2.74383,0.217995,-0.00882965
4,1,323.01,-97.0298,1613.67,3.07075,0.234114,-0.0462681
4,1,323.01,-97.0298,1613.67,3.07075,0.234114,-0.0462681
4,1,323.01,-97.0298,1613.67,3.07075,0.234114,-0.0462681
4,0,323.01,-97.0298,1613.67,3.07075,0.234114,-0.0462681
4,0,323.01,-97.0298,1613.67,3.07075,0.234114,-0.0462681
4,1,324.363,64.7686,1681.35,2.99791,-0.0314721,0.00800476
4,1,332.076,82.2306,1684.51,3.09854,0.501875,-0.0348599
4,1,347.392,51.5884,1719.16,-2.96719,0.428835,-0.0463299
4,1,387.092,11.7721,1756.73,2.94249,0.0715617,-0.0181376
4,1,422.076,4.75335,1740.29,-2.90577,-0.00496768,-0.0857156
4,1,442.381,25.9188,1767.3,-3.12339,-0.0418717,-0.066215
4,1,425.923,25.2085,1775.51,-3.0638,0.466142,-0.0437033
4,1,419.555,46.6042,1792.78,3.0826,0.476619,-0.0474883
4,1,416.486,56.1048,1830.85,2.85681,0.312433,-0.0581543
4,1,400.74,26.889,1817.21,3.10211,0.0160867,-0.0638969
4,1,417.38,10.465,1807.79,-3.04535,0.501478,-0.0250774
4,1,391.927,-13.4201,1771.22,-3.11522,0.502846,0.00944002
4,1,391.927,-13.4201,1771.22,-3.11522,0.502846,0.00944002
4,1,381.013,-34.1108,1862.65,-3.0918,0.23461,-0.0200112
4,1,374.415,-55.7645,1869.37,-3.12983,0.207798,0.00596702
4,1,374.415,-55.7645,1869.37,-3.12983,0.207798,0.00596702
4,1,344.69,-19.6648,1838.99,-3.13307,-0.0192789,-0.0408536
4,1,327.635,1.7623,1827.83,2.88752,0.157272,-0.0484546
4,1,348.45,50.7086,1890.87,-3.02028,0.260346,-0.0787508
4,1,354.179,94.6322,1827.07,3.05313,0.504234,-0.122018
4,1,373.055,106.41,1830.3,2.91993,0.484528,-0.14882
4,1,413.688,105.298,1864.15,3.10228,-0.0573706,-0.0991713
4,1,419.14,99.1323,1761.12,3.11123,0.541035,-0.172734
4,1,443.435,112.509,1732.95,3.06703,0.548527,-0.180094
4,1,468.227,127.533,1734.33,3.05369,0.563324,-0.187451
4,1,478.123,125.231,1679.03,2.78283,0.535305,-0.245698
4,1,530.829,147.886,1734.16,2.83067,0.481909,-0.242669
4,1,541.972,161.469,1717.86,2.85603,0.514635,-0.259488
4,1,516.888,151.831,1648.92,3.01307,0.583257,-0.270462
4,1,540.585,149.743,1707.33,3.11392,0.4591,-0.263236
4,1,523.833,136.608,1677.25,3.09726,0.3286,-0.286952
4,1,535.719,146.997,1657.98,3.10058,0.199013,-0.291378
4,1,535.719,146.997,1657.98,3.10058,0.199013,-0.291378
4,1,535.719,146.997,1657.98,3.10058,0.199013,-0.291378
4,0,535.719,146.997,1657.98,3.10058,0.199013,-0.291378
4,0,535.719,146.997,1657.98,3.10058,0.199013,-0.291378
4,0,535.719,146.997,1657.98,3.10058,0.199013,-0.291378
4,0,535.719,146.997,1657.98,3.10058,0.199013,-0.291378
4,0,535.719,146.997,1657.98,3.10058,0.199013,-0.291378
4,0,535.719,146.997,1657.98,3.10058,0.199013,-0.291378
4,0,535.719,146.997,1657.98,3.10058,0.199013,-0.291378
4,0,535.719,146.997,1657.98,3.10058,0.199013,-0.291378
4,0,535.719,146.997,1657.98,3.10058,0.199013,-0.291378
4,0,535.719,146.997,1657.98,3.10058,0.199013,-0.291378
4,0,535.719,146.997,1657.98,3.10058,0.199013,-0.291378
4,0,535.719,146.997,1657.98,3.10058,0.199013,-0.291378
4,0,535.719,146.997,1657.98,3.10058,0.199013,-0.291378
4,0,535.719,146.997,1657.98,3.10058,0.199013,-0.291378
4,0,535.719,146.997,1657.98,3.10058,0.199013,-0.291378
4,0,535.719,146.997,1657.98,3.10058,0.199013,-0.291378
4,0,535.719,146.997,1657.98,3.10058,0.199013,-0.291378
4,0,535.719,146.997,1657.98,3.10058,0.199013,-0.291378
4,0,535.719,146.997,1657.98,3.10058,0.199013,-0.291378
4,0,535.719,146.997,1657.98,3.10058,0.199013,-0.291378
4,0,535.719,146.997,1657.98,3.10058,0.199013,-0.291378
4,0,535.719,146.997,1657.98,3.10058,0.199013,-0.291378
4,0,535.719,146.997,1657.98,3.10058,0.199013,-0.291378
4,0,535.719,146.997,1657.98,3.10058,0.199013,-0.291378
4,0,535.719,146.997,1657.98,3.10058,0.199013,-0.291378
4,0,535.719,146.997,1657.98,3.10058,0.199013,-0.291378
4,0,535.719,146.997,1657.98,3.10058,0.199013,-0.291378
4,0,535.719,146.997,1657.98,3.10058,0.199013,-0.291378
4,1,323.222,91.0449,1126.9,-3.07525,0.215438,-0.110945
4,1,303.671,88.3805,1115.14,-3.10899,0.279504,-0.0973255
4,1,288.487,93.3256,1093.87,-3.10681,0.308372,-0.0933622
4,1,288.487,93.3256,1093.87,-3.10681,0.308372,-0.0933622
4,1,262.16,104.813,1053.57,3.12726,0.309433,-0.10441
4,1,250.89,107.894,1045.27,3.11293,0.362556,-0.105648
4,1,239.382,111.215,1009.82,-3.08963,0.298125,-0.0966067
4,1,243.992,119.678,1012.2,3.086,0.413,-0.116048
4,1,246.63,120.807,977.472,-3.11428,0.279341,-0.0883892
4,1,250.362,117.463,981.63,-3.10295,0.273768,-0.0871529
4,1,257.707,106.979,975.261,-3.11525,0.290592,-0.093598
4,1,269.868,92.6214,974.665,-3.10454,0.276358,-0.0885913
4,1,273.294,71.9678,981.345,-3.09981,0.118083,-0.0739878
4,1,255.847,52.5132,980.401,3.11969,0.434894,-0.0806913
4,1,240.971,41.4966,997.745,3.12065,0.330495,-0.0681602
4,1,230.021,46.9632,1015.4,3.12579,0.248002,-0.067317
4,1,211.618,49.5272,1009.6,-2.96158,0.142795,-0.0640515
4,1,203.307,56.701,1057.7,-3.09573,0.0745253,-0.0539053
4,1,192.913,55.0001,1080.61,3.14144,0.215171,-0.0546751
4,1,198.423,54.7091,1118.59,-3.12429,0.225922,-0.0216971
4,1,201.196,55.3128,1136.38,2.89185,0.103428,-0.0345473
4,1,208.558,47.9831,1176.76,-3.11194,0.252226,-0.0248256
4,1,221.189,46.9733,1189,3.14085,-0.0101299,-0.0437289
4,1,231.455,49.9203,1209.42,3.12797,0.0211131,-0.0334384
4,1,241.588,42.7616,1254.3,-3.06751,0.0755266,-0.0336064
4,1,250.776,46.5735,1294.93,3.03485,0.235925,-0.0505687
4,1,243.682,62.5725,1305.89,3.00997,0.303355,-0.0405623
4,1,243.37,57.0252,1342.8,3.03102,0.159399,-0.0354802
4,1,249.968,52.2506,1352.52,3.09674,0.254302,-0.0496529
4,1,251.275,61.9235,1330.07,-2.92907,0.0155123,-0.0653536
4,1,251.387,90.8815,1449.51,3.08787,0.160606,-0.00470876
4,1,223.797,77.0249,1446.46,-2.98208,0.262379,-0.0250925
4,1,203.068,32.5162,1452.68,-3.0423,0.426216,-0.0431282
4,1,186.211,-14.8194,1491.92,-2.98121,0.279078,-0.0328058
4,1,169.798,-39.7428,1521.32,3.07818,-0.124983,-0.0317847
4,1,157.983,-40.9438,1561.87,-3.12168,0.188589,-0.0299784
4,1,144.708,-46.8474,1528.51,-2.89457,0.185197,-0.0149686
4,1,147.483,-51.2575,1602.41,-3.10203,0.335233,-0.00979297
4,1,157.359,-41.2925,1573.23,-2.95002,0.280398,0.00542579
4,1,193.578,-23.4567,1623.19,3.10734,-0.00446328,-0.0141594
4,1,193.578,-23.4567,1623.19,3.10734,-0.00446328,-0.0141594
4,1,247.886,4.38678,1603.98,-3.13526,0.152384,-3.77017e-05
4,1,276.871,1.12927,1598.64,-3.12837,0.169802,-0.000170907
4,1,297.735,-18.7377,1630.72,-3.11749,0.170187,0.000580095
4,1,299.811,-6.69497,1553.66,2.94958,0.38702,-0.0400605
4,1,322.008,11.0057,1566.91,-2.87111,0.0993177,-0.0201545
4,1,322.008,11.0057,1566.91,-2.87111,0.0993177,-0.0201545
4,1,355.554,1.31903,1595.45,3.10001,-0.0123636,-0.00665023
4,1,372.073,2.70217,1581.22,-3.12357,0.385642,0.00148369
4,1,379.024,-1.95367,1569.44,-3.13059,0.440286,0.0077735
4,1,387.263,1.54767,1549.38,-2.81955,0.268191,-0.0179383
4,1,392.649,-2.20946,1610.06,-3.13127,0.228933,0.000739465
4,1,367.942,-3.84886,1522.41,3.03842,-0.0354436,0.00436848
4,1,367.942,-3.84886,1522.41,3.03842,-0.0354436,0.00436848
4,1,390.94,-1.06358,1610.86,3.09387,0.246352,-0.0378995
4,1,390.94,-1.06358,1610.86,3.09387,0.246352,-0.0378995
4,1,390.94,-1.06358,1610.86,3.09387,0.246352,-0.0378995
4,1,390.94,-1.06358,1610.86,3.09387,0.246352,-0.0378995
4,1,367.077,2.01141,1596.51,3.11825,0.25576,-0.0161801
4,1,358.585,-2.11192,1580.62,-2.90652,0.247573,-0.0154274
4,1,358.585,-2.11192,1580.62,-2.90652,0.247573,-0.0154274
4,1,348.733,-4.82307,1581.27,3.14093,0.0119254,-0.0143371
4,1,333.835,-6.17,1545.13,2.96913,0.470232,-0.046596
4,1,328.941,-5.568,1532.01,2.80625,0.0331232,0.0132605
4,1,328.941,-5.568,1532.01,2.80625,0.0331232,0.0132605
4,1,335.743,-0.376292,1555.38,3.06355,-0.0210248,-0.00708992
4,1,345.403,4.59697,1597.52,-2.93493,0.140294,-0.01205
4,1,334.551,-0.538016,1551.06,-2.74229,0.230206,-0.0246946
4,1,347.568,-1.93526,1608.95,3.13961,0.319234,-0.0105996
4,1,347.568,-1.93526,1608.95,3.13961,0.319234,-0.0105996
4,1,347.568,-1.93526,1608.95,3.13961,0.319234,-0.0105996
4,1,329.117,-5.54109,1564.28,-2.9337,0.463309,-0.0152437
4,1,343.684,-2.17956,1621.54,-3.12293,0.200918,-0.000137312
4,1,339.674,1.33969,1600.99,-2.95209,0.09857,-0.0247747
4,1,329.467,0.0288754,1541.35,3.01328,0.517934,-0.0420369
4,1,350.565,1.26578,1629.11,-2.93909,0.226228,-0.0197132
4,1,333.305,1.42184,1546.07,-2.78669,0.202095,-0.0201827
4,1,333.305,1.42184,1546.07,-2.78669,0.202095,-0.0201827
4,1,342.493,-13.4585,1616.36,-2.80025,0.177231,-0.0101092
4,1,338.479,-18.592,1621.66,3.02727,-0.0539186,-0.00992116
4,1,327.671,-16.698,1574,3.06195,-0.0122288,-0.00564583
4,1,333.552,-18.0705,1623.17,3.11639,0.317768,-0.0165346
4,1,328.187,-15.0996,1587.81,-3.13908,0.201885,0.00103336
4,1,328.187,-15.0996,1587.81,-3.13908,0.201885,0.00103336
4,1,325.39,-10.008,1573.21,3.07829,-0.0692036,-0.0232151
4,1,324.359,-12.2741,1579.05,3.11651,0.430855,-0.0134738
4,1,324.359,-12.2741,1579.05,3.11651,0.430855,-0.0134738
4,1,324.359,-12.2741,1579.05,3.11651,0.430855,-0.0134738
4,1,335.641,-13.5203,1632.78,2.99794,0.296652,-0.0223132
4,1,325.276,-12.5798,1601.73,2.97214,0.256608,-0.03246
4,1,316.592,-6.84871,1593.93,-3.12329,-0.0274775,-0.0314741
4,1,312.379,-1.57666,1603.3,-3.00782,0.26692,-0.0166234
4,1,310.716,12.9967,1587.96,3.04473,-0.0430549,-0.019717
4,1,325.689,14.5394,1621.37,2.92379,0.224091,-0.0363582
4,1,321.969,15.8184,1563.57,-2.90678,0.354347,-0.013264
4,1,337.361,27.9876,1531.31,3.00794,-0.0396851,0.0123524
4,1,353.59,33.114,1551.49,-3.13989,0.137171,-0.030592
4,1,341.358,59.6491,1506.44,3.02438,0.168272,-0.0435386
4,1,339.28,78.3556,1488.52,3.04958,0.307929,-0.0714839
4,1,339.373,96.2878,1456.27,3.10657,0.466704,-0.081457
4,1,339.373,96.2878,1456.27,3.10657,0.466704,-0.081457
4,1,352.034,138.03,1448.73,-3.13044,0.260766,-0.0801734
4,1,355.229,148.342,1433.73,-3.09608,0.328159,-0.0802957
4,1,347.88,162.84,1383.48,-3.12579,0.378527,-0.0979922
4,1,349.092,157.649,1397.56,3.08781,0.358257,-0.11186
4,1,335.514,135.788,1376.94,-3.03839,0.300986,-0.0868775
4,1,335.514,135.788,1376.94,-3.03839,0.300986,-0.0868775
4,1,309.126,129.437,1407.5,-3.11842,0.0359004,-0.0757364
4,1,284.982,103.789,1377.84,2.98911,-0.0401332,-0.0427207
4,1,270.377,91.613,1392.53,-3.12073,0.517658,-0.0739549
4,1,259.072,74.7861,1385.41,-3.03962,0.397182,-0.052262
4,1,263.458,56.6235,1438.07,2.93214,0.138558,-0.0494721
4,1,258.727,32.0716,1453.53,-3.12802,0.00048784,-0.028976
4,1,258.727,32.0716,1453.53,-3.12802,0.00048784,-0.028976
4,1,275.755,2.80042,1555.82,-3.13229,0.254263,-0.00308425
4,1,263.934,-12.1895,1511.78,3.07865,0.0386952,-0.0217378
4,1,272.325,-11.6862,1592.35,-3.13377,0.183552,0.00503633
4,1,255.632,-25.0832,1599.47,2.92579,0.0967997,0.00366842
4,1,246.169,-34.3519,1568.82,-2.90391,0.221508,-0.022604
4,1,262.051,-36.1119,1673.02,3.13775,-0.0187367,0.000309757
4,1,237.655,-54.9061,1626.14,3.08813,0.0744127,-0.0279212
4,1,229.278,-68.9469,1601.46,2.81689,0.0451525,0.00661888
4,1,235.272,-71.3167,1651.61,3.14129,-0.12531,0.010263
4,1,225.815,-81.6291,1624.79,-2.93528,0.320513,0.0520276
4,1,233.157,-83.673,1712.58,-3.08838,0.125738,0.00282455
4,1,233.619,-63.4544,1665.22,3.02202,0.266672,0.0187665
4,1,238.105,-49.4492,1688.48,-2.98046,0.483788,0.0664918
4,1,228.185,-52.1715,1660.48,2.88022,0.230296,0.0249472
4,1,242.356,-48.2966,1746.3,2.91249,0.289207,0.01988
4,1,233.064,-51.0836,1739.77,-3.13371,0.15113,0.0172265
4,1,228.656,-52.8911,1720.19,-3.03773,-0.0206866,-0.00161197
4,1,216.171,-48.4111,1680.47,-3.10037,0.48258,0.0257722
4,1,223.736,-45.6476,1699.01,-2.98596,0.321032,0.0433558
4,1,231.132,-48.3065,1751.65,-3.09697,0.13391,0.00171337
4,1,252.865,-45.8285,1791.15,-3.11696,0.135205,0.00187901
4,1,252.662,-26.6488,1740.99,-2.88144,0.0281682,-0.00508129
4,1,268.995,-7.68724,1707.81,-3.03432,-0.0228915,-0.00331722
4,1,276.573,-10.0285,1721.25,3.11096,0.0758406,0.0262767
4,1,292.175,-17.8485,1760.02,-3.07435,0.178876,0.0683032
4,1,292.175,-17.8485,1760.02,-3.07435,0.178876,0.0683032
4,1,289.641,-14.3642,1671.78,2.92914,0.105082,0.0116579
4,1,292.746,-11.7731,1702.97,3.13463,0.00649488,0.0325686
4,1,268.228,-3.26694,1578.55,-2.74332,0.0749306,-0.0106616
4,1,291.637,-4.53902,1705.56,-3.1296,0.260097,0.0153299
4,1,294.199,-15.8165,1720.48,-3.13478,0.208273,0.0137193
4,1,291.142,-7.28587,1672.14,-3.04034,0.163325,0.0245569
4,1,306.875,-2.81131,1738.35,-3.14149,-0.000229161,0.0252518
4,1,310.368,3.69633,1700.33,-3.13399,0.184948,0.027807
4,1,310.368,3.69633,1700.33,-3.13399,0.184948,0.027807
4,1,310.368,3.69633,1700.33,-3.13399,0.184948,0.027807
4,1,325.469,0.215474,1733.53,-3.13542,0.180836,0.0294306
4,1,325.469,0.215474,1733.53,-3.13542,0.180836,0.0294306
4,1,325.469,0.215474,1733.53,-3.13542,0.180836,0.0294306
4,1,325.469,0.215474,1733.53,-3.13542,0.180836,0.0294306
4,1,365.467,-11.9063,1750.58,-3.13263,0.185501,0.0179122
4,1,355.193,-10.4383,1639.18,-2.96515,0.0402797,0.019656
4,1,370.331,-17.4649,1671.33,3.13466,0.0975486,0.0070799
4,1,395.594,-16.8136,1704.09,-3.13534,0.181861,0.0168795
4,1,392.083,-26.0073,1636.54,2.75719,0.213928,0.00222038
4,1,418.069,-21.9887,1656.12,-3.12057,0.267626,0.0194694
4,1,401.252,-33.3499,1577.23,2.79955,0.0858223,0.0143844
4,1,420.869,-37.3115,1632.16,-2.80142,0.285967,-0.021508
4,1,426.721,-29.3025,1567.95,-2.74221,0.17545,-0.0261563
4,1,439.264,-26.4929,1541.19,2.75122,0.179094,0.0135611
4,1,464.004,-26.7772,1556.61,2.78432,0.118573,0.0195585
4,1,491.742,-37.6866,1609.15,3.07765,-0.0351529,-0.028206
4,1,478.813,-37.625,1528.11,2.66208,0.198431,0.00217635
4,1,516.277,-39.5209,1614.21,2.89566,0.30847,-0.0299258
4,1,534.51,-38.6529,1649.33,2.93482,0.326093,-0.0366005
4,1,534.51,-38.6529,1649.33,2.93482,0.326093,-0.0366005
4,1,534.51,-38.6529,1649.33,2.93482,0.326093,-0.0366005
4,0,534.51,-38.6529,1649.33,2.93482,0.326093,-0.0366005
4,0,534.51,-38.6529,1649.33,2.93482,0.326093,-0.0366005
4,0,534.51,-38.6529,1649.33,2.93482,0.326093,-0.0366005
4,0,534.51,-38.6529,1649.33,2.93482,0.326093,-0.0366005
4,0,534.51,-38.6529,1649.33,2.93482,0.326093,-0.0366005
4,0,534.51,-38.6529,1649.33,2.93482,0.326093,-0.0366005
4,0,534.51,-38.6529,1649.33,2.93482,0.326093,-0.0366005
4,0,534.51,-38.6529,1649.33,2.93482,0.326093,-0.0366005
4,0,534.51,-38.6529,1649.33,2.93482,0.326093,-0.0366005
4,0,534.51,-38.6529,1649.33,2.93482,0.326093,-0.0366005
4,0,534.51,-38.6529,1649.33,2.93482,0.326093,-0.0366005
4,0,534.51,-38.6529,1649.33,2.93482,0.326093,-0.0366005
4,0,534.51,-38.6529,1649.33,2.93482,0.326093,-0.0366005
4,0,534.51,-38.6529,1649.33,2.93482,0.326093,-0.0366005
4,0,534.51,-38.6529,1649.33,2.93482,0.326093,-0.0366005
4,0,534.51,-38.6529,1649.33,2.93482,0.326093,-0.0366005
4,0,534.51,-38.6529,1649.33,2.93482,0.326093,-0.0366005
4,0,534.51,-38.6529,1649.33,2.93482,0.326093,-0.0366005
4,0,534.51,-38.6529,1649.33,2.93482,0.326093,-0.0366005
4,0,534.51,-38.6529,1649.33,2.93482,0.326093,-0.0366005
4,0,534.51,-38.6529,1649.33,2.93482,0.326093,-0.0366005
4,0,534.51,-38.6529,1649.33,2.93482,0.326093,-0.0366005
4,0,534.51,-38.6529,1649.33,2.93482,0.326093,-0.0366005
4,0,534.51,-38.6529,1649.33,2.93482,0.326093,-0.0366005
4,0,534.51,-38.6529,1649.33,2.93482,0.326093,-0.0366005
4,0,534.51,-38.6529,1649.33,2.93482,0.326093,-0.0366005
4,0,534.51,-38.6529,1649.33,2.93482,0.326093,-0.0366005
4,0,534.51,-38.6529,1649.33,2.93482,0.326093,-0.0366005
4,0,534.51,-38.6529,1649.33,2.93482,0.326093,-0.0366005
4,0,534.51,-38.6529,1649.33,2.93482,0.326093,-0.0366005
4,0,534.51,-38.6529,1649.33,2.93482,0.326093,-0.0366005
4,0,534.51,-38.6529,1649.33,2.93482,0.326093,-0.0366005
4,0,534.51,-38.6529,1649.33,2.93482,0.326093,-0.0366005
4,0,534.51,-38.6529,1649.33,2.93482,0.326093,-0.0366005
4,0,534.51,-38.6529,1649.33,2.93482,0.326093,-0.0366005
4,0,534.51,-38.6529,1649.33,2.93482,0.326093,-0.0366005
4,0,534.51,-38.6529,1649.33,2.93482,0.326093,-0.0366005
4,0,534.51,-38.6529,1649.33,2.93482,0.326093,-0.0366005
4,0,534.51,-38.6529,1649.33,2.93482,0.326093,-0.0366005
4,0,534.51,-38.6529,1649.33,2.93482,0.326093,-0.0366005
4,0,534.51,-38.6529,1649.33,2.93482,0.326093,-0.0366005
4,0,534.51,-38.6529,1649.33,2.93482,0.326093,-0.0366005
4,0,534.51,-38.6529,1649.33,2.93482,0.326093,-0.0366005
4,0,534.51,-38.6529,1649.33,2.93482,0.326093,-0.0366005
4,0,534.51,-38.6529,1649.33,2.93482,0.326093,-0.0366005
4,0,534.51,-38.6529,1649.33,2.93482,0.326093,-0.0366005
4,0,534.51,-38.6529,1649.33,2.93482,0.326093,-0.0366005
4,0,534.51,-38.6529,1649.33,2.93482,0.326093,-0.0366005
4,0,534.51,-38.6529,1649.33,2.93482,0.326093,-0.0366005
4,0,534.51,-38.6529,1649.33,2.93482,0.326093,-0.0366005
4,0,534.51,-38.6529,1649.33,2.93482,0.326093,-0.0366005
4,0,534.51,-38.6529,1649.33,2.93482,0.326093,-0.0366005
4,0,534.51,-38.6529,1649.33,2.93482,0.326093,-0.0366005
4,0,534.51,-38.6529,1649.33,2.93482,0.326093,-0.0366005
4,0,534.51,-38.6529,1649.33,2.93482,0.326093,-0.0366005
4,0,534.51,-38.6529,1649.33,2.93482,0.326093,-0.0366005
4,0,534.51,-38.6529,1649.33,2.93482,0.326093,-0.0366005
4,0,534.51,-38.6529,1649.33,2.93482,0.326093,-0.0366005
4,0,534.51,-38.6529,1649.33,2.93482,0.326093,-0.0366005
4,0,534.51,-38.6529,1649.33,2.93482,0.326093,-0.0366005
4,0,534.51,-38.6529,1649.33,2.93482,0.326093,-0.0366005
4,0,534.51,-38.6529,1649.33,2.93482,0.326093,-0.0366005
4,0,534.51,-38.6529,1649.33,2.93482,0.326093,-0.0366005
4,0,534.51,-38.6529,1649.33,2.93482,0.326093,-0.0366005
4,0,534.51,-38.6529,1649.33,2.93482,0.326093,-0.0366005
4,0,534.51,-38.6529,1649.33,2.93482,0.326093,-0.0366005
4,0,534.51,-38.6529,1649.33,2.93482,0.326093,-0.0366005
4,0,534.51,-38.6529,1649.33,2.93482,0.326093,-0.0366005
4,0,534.51,-38.6529,1649.33,2.93482,0.326093,-0.0366005
4,0,534.51,-38.6529,1649.33,2.93482,0.326093,-0.0366005
4,0,534.51,-38.6529,1649.33,2.93482,0.326093,-0.0366005
4,0,534.51,-38.6529,1649.33,2.93482,0.326093,-0.0366005
4,0,534.51,-38.6529,1649.33,2.93482,0.326093,-0.0366005
4,0,534.51,-38.6529,1649.33,2.93482,0.326093,-0.0366005
4,0,534.51,-38.6529,1649.33,2.93482,0.326093,-0.0366005
4,0,534.51,-38.6529,1649.33,2.93482,0.326093,-0.0366005
4,0,534.51,-38.6529,1649.33,2.93482,0.326093,-0.0366005
4,0,534.51,-38.6529,1649.33,2.93482,0.326093,-0.0366005
4,0,534.51,-38.6529,1649.33,2.93482,0.326093,-0.0366005
4,0,534.51,-38.6529,1649.33,2.93482,0.326093,-0.0366005
4,0,534.51,-38.6529,1649.33,2.93482,0.326093,-0.0366005
4,0,534.51,-38.6529,1649.33,2.93482,0.326093,-0.0366005
4,0,534.51,-38.6529,1649.33,2.93482,0.326093,-0.0366005
4,0,534.51,-38.6529,1649.33,2.93482,0.326093,-0.0366005
4,0,534.51,-38.6529,1649.33,2.93482,0.326093,-0.0366005
4,0,534.51,-38.6529,1649.33,2.93482,0.326093,-0.0366005
4,0,534.51,-38.6529,1649.33,2.93482,0.326093,-0.0366005
4,0,534.51,-38.6529,1649.33,2.93482,0.326093,-0.0366005
4,0,534.51,-38.6529,1649.33,2.93482,0.326093,-0.0366005
4,0,534.51,-38.6529,1649.33,2.93482,0.326093,-0.0366005
4,0,534.51,-38.6529,1649.33,2.93482,0.326093,-0.0366005
4,0,534.51,-38.6529,1649.33,2.93482,0.326093,-0.0366005
4,0,534.51,-38.6529,1649.33,2.93482,0.326093,-0.0366005
4,0,534.51,-38.6529,1649.33,2.93482,0.326093,-0.0366005
4,0,534.51,-38.6529,1649.33,2.93482,0.326093,-0.0366005
4,0,534.51,-38.6529,1649.33,2.93482,0.326093,-0.0366005
4,0,534.51,-38.6529,1649.33,2.93482,0.326093,-0.0366005
4,0,534.51,-38.6529,1649.33,2.93482,0.326093,-0.0366005
4,0,534.51,-38.6529,1649.33,2.93482,0.326093,-0.0366005
4,0,534.51,-38.6529,1649.33,2.93482,0.326093,-0.0366005
